      x      y  on
  .0224  .0243	1
  .0243  .1028	1
  .1626  .1477	1
  .1215  .0729	1
  .2411  .0486	1
  .0766  .1776	1
  .1047  .2579	1
  .0430  .3645	1
  .1084  .4000	1
  .1981  .2841	1
  .2505  .2776	1
  .2215  .1617	1
  .3421  .1963	1
  .2953  .0729	1
  .3953  .0579	1
  .4121  .1439	1
  .3449  .2841	1
  .3121  .3514	1
  .0701  .5215	1
  .0972  .6570	1
  .0757  .7355	1
  .0299  .8720	1
  .0393  .9869	1
  .0757  .8252	1
  .1972  .8617	1
  .1561  .9411	1
  .2159  .7757	1
  .1935  .6533	1
  .2084  .5458	1
  .2280  .4280	1
  .3383  .4776	1
  .3150  .5832	1
  .3467  .5636	1
  .3449  .3832	1
  .4318  .3262	1
  .4804  .2542	1
  .5243  .1925	1
  .5215  .1159	1
  .5075  .0234	1
  .5991  .0252	1
  .6393  .1196	1
  .6402  .2579	1
  .6262  .3523	1
  .5748  .3897	1
  .4617  .4271	1
  .4813  .4897	1
  .4720  .6822	1
  .3636  .7551	1
  .3505  .6953	1
  .3000  .8112	1
  .2738  .9084	1
  .2673  .9813	1
  .3804  .8785	1
  .4327  .8402	1
  .5037  .8813	1
  .5477  .9308	1
  .5645  .8028	1
  .5271  .5907	1
  .6103  .6757	1
  .6598  .7813	1
  .6542  .8318	1
  .6411  .9720	1
  .7084  .9626	1
  .7421  .8981	1
  .7869  .7645	1
  .7467  .6355	1
  .6748  .6019	1
  .6477  .5579	1
  .6140  .4720	1
  .6710  .1841	1
  .7495  .2523	1
  .7495  .0963	1
  .7654  .0299	1
  .9056  .1514	1
  .9093  .2206	1
  .9355  .2019	1
  .9056  .3093	1
  .9860  .3299	1
  .9430  .4280	1
  .7486  .4047	1
  .7832  .4084	1
  .7935  .3234	1
  .7869  .4953	1
  .9056  .5150	1
  .8673  .5720	1
  .8636  .6374	1
  .8065  .7093	1
  .8636  .7486	1
  .8533  .8495	1
  .8561  .9579	1
  .9346  .9009	1
  .9991  .9888	1
 1.0645  .9262	1
 1.0262  .7916	1
  .9822  .6794	1
 1.0290  .5271	1
 1.0673  .4729	1
 1.0869  .5598	1
 1.0981  .6953	1
 1.1607  .7383	1
 1.1093  .8252	1
 1.1617  .9224	1
 1.2832  .8514	1
 1.3103  .9766	1
 1.4234  .9112	1
 1.4738  .8290	1
 1.4869  .9916	1
 1.5570  .9374	1
 1.5972  .9449	1
 1.5766  .8327	1
 1.5860  .7729	1
 1.4804  .7121	1
 1.4234  .7981	1
 1.3355  .7570	1
 1.2206  .7626	1
 1.1402  .6495	1
 1.2477  .6523	1
 1.3645  .6523	1
 1.3776  .5598	1
 1.5467  .6037	1
 1.5794  .6280	1
 1.5907  .4598	1
 1.4907  .4963	1
 1.4393  .4477	1
 1.3187  .4766	1
 1.3280  .5505	1
 1.2159  .5299	1
 1.1850  .4168	1
 1.1766  .3047	1
 1.2561  .3832	1
 1.2850  .2589	1
 1.3449  .3421	1
 1.3748  .3607	1
 1.3570  .2262	1
 1.4944  .3467	1
 1.5439  .2589	1
 1.5421  .1626	1
 1.4037  .1841	1
 1.4766  .1318	1
 1.4421  .0318	1
 1.5196  .0393	1
 1.3271  .0579	1
 1.3075  .1570	1
 1.1935  .1617	1
 1.1972  .0822	1
 1.1925  .0084	1
 1.2682  .0140	1
 1.0318  .0486	1
 1.0785  .2196	1
 1.0458  .2374	1
 1.0467  .2907	1
 1.0495  .3804	1
  .0720  .0215	0
  .0766  .1692	0
  .0944  .2692	0
  .1523  .3308	0
  .2065  .3505	0
  .2486  .2206	0
  .2355  .1327	0
  .2112  .0617	0
  .1589  .0916	0
  .3280  .0206	0
  .3449  .0785	0
  .4009  .1121	0
  .3748  .2140	0
  .3112  .3065	0
  .0439  .4589	0
  .1262  .5664	0
  .1888  .4514	0
  .3084  .4131	0
  .2822  .5252	0
  .2140  .5841	0
  .2822  .5991	0
  .2280  .7103	0
  .1262  .6626	0
  .0112  .8168	0
  .0346  .9645	0
  .1262  .8561	0
  .1598  .9654	0
  .1916  .8121	0
  .2738  .8682	0
  .3449  .9047	0
  .4084  .8944	0
  .3832  .7720	0
  .3355  .7327	0
  .4065  .6692	0
  .4168  .6028	0
  .4645  .6991	0
  .5112  .7187	0
  .5346  .7682	0
  .5570  .8093	0
  .4645  .9486	0
  .5421  .9710	0
  .6336  .8645	0
  .7075  .9374	0
  .7645  .9710	0
  .8299  .8486	0
  .7533  .8271	0
  .7262  .7383	0
  .6308  .6869	0
  .5308  .6093	0
  .5243  .5617	0
  .4383  .4785	0
  .5271  .3832	0
  .4187  .3505	0
  .5374  .2589	0
  .5112  .1748	0
  .4953  .1019	0
  .5037  .0785	0
  .5598  .0841	0
  .6336  .0318	0
  .6121  .1355	0
  .6159  .3093	0
  .6355  .4206	0
  .6187  .5065	0
  .6748  .5710	0
  .7710  .6028	0
  .8009  .5243	0
  .7505  .4486	0
  .7121  .3336	0
  .7065  .2374	0
  .7495  .1523	0
  .7308  .0215	0
  .8972  .0430	0
  .8514  .1383	0
  .8215  .2327	0
  .8168  .3103	0
  .9075  .2626	0
  .8598  .3776	0
  .9009  .4598	0
  .8981  .5579	0
  .7935  .6664	0
  .8925  .7150	0
  .9009  .9514	0
  .9953  .8860	0
  .9430  .8121	0
  .9991  .7636	0
  .9981  .6822	0
  .9664  .6084	0
 1.0037  .5542	0
  .9925  .4336	0
  .9720  .3075	0
 1.0421  .1505	0
 1.0047  .0645	0
 1.0701  .2308	0
 1.1009  .2551	0
 1.0523  .3271	0
 1.1318  .3701	0
 1.0953  .4636	0
 1.1299  .5794	0
 1.1215  .7579	0
 1.1224  .8486	0
 1.0617  .9542	0
 1.2178  .1168	0
 1.2234  .0037	0
 1.3738  .0318	0
 1.3290  .1224	0
 1.4495  .0757	0
 1.5439  .0542	0
 1.5841  .1449	0
 1.4262  .1916	0
 1.3252  .2243	0
 1.3944  .2804	0
 1.5028  .2439	0
 1.5178  .3308	0
 1.4430  .3841	0
 1.4009  .3486	0
 1.2598  .3037	0
 1.2271  .2252	0
 1.2505  .3364	0
 1.1944  .4421	0
 1.3327  .4150	0
 1.4579  .4757	0
 1.5785  .5290	0
 1.5935  .6252	0
 1.4318  .5533	0
 1.3822  .6252	0
 1.3178  .5720	0
 1.2850  .6514	0
 1.2682  .6925	0
 1.2019  .6589	0
 1.1925  .5822	0
 1.2701  .7505	0
 1.2159  .8654	0
 1.2346  .9374	0
 1.3673  .9411	0
 1.3271  .8374	0
 1.4271  .8748	0
 1.4935  .8346	0
 1.5234  .9953	0
 1.5766  .8187	0
 1.5729  .7290	0
 1.4570  .6822	0
 1.4168  .7374	0
