"x0" "y0" "x1" "y1"
404.701192457016 288.331701251585 412.829312257349 310.006687385806
412.829312257349 310.006687385806 412.829312257349 334.391046786805
412.829312257349 334.391046786805 429.085551858014 383.159765588801
429.085551858014 383.159765588801 442.632418191902 418.38161805691
442.632418191902 418.38161805691 461.598031059346 461.731590325351
461.598031059346 461.731590325351 480.563643926789 486.11594972635
480.563643926789 486.11594972635 502.238630061009 524.04717546124
502.238630061009 524.04717546124 526.622989462008 553.85028139579
526.622989462008 553.85028139579 548.297975596229 572.81589426323
